past_key_values type: <class 'tuple'>
past_key_values: ((tensor([[[[ 0.2444, -0.8340, -1.4834,  ...,  0.8716,  1.4609,  2.0938],
          [-0.4839, -0.6084, -1.8633,  ...,  0.6802,  1.3926,  1.6191],
          [-0.2974, -0.9990, -2.4922,  ...,  0.8794,  1.3613,  2.6758],
          [ 0.3174, -0.8242, -1.9756,  ...,  1.3008,  2.4512,  3.7031],
          [ 0.2578, -0.4658, -1.6846,  ...,  1.1465,  1.6797,  2.3262]],

         [[-2.2734,  1.6934,  2.8281,  ..., -0.3542, -0.0803, 11.2891],
          [-2.3398, -0.1670,  2.3945,  ...,  0.0462, -0.6572,  9.9297],
          [ 0.5532, -1.8584,  3.6270,  ..., -0.8223, -0.8550,  9.8828],
          [ 1.7070, -0.4678,  4.3867,  ...,  0.5107,  1.3057, 10.0234],
          [ 1.6689, -2.2070,  3.5742,  ..., -0.1388, -0.3015,  9.6875]],

         [[-0.8145, -0.2419, -0.7529,  ..., -3.6211,  0.7056, -6.4062],
          [-0.2656,  0.2417, -0.8540,  ..., -3.0977,  2.2871, -6.6172],
          [ 0.1908,  0.9248, -1.3633,  ..., -3.3477,  0.4741, -6.3750],
          [ 0.1547, -0.0363, -2.4766,  ..., -4.1250,  2.0801, -4.3555],
          [ 0.2639, -0.4897, -1.1182,  ..., -3.3945,  1.8555, -6.3906]],

         ...,

         [[-0.3428, -2.9316, -3.5332,  ...,  3.6211,  2.8652,  3.0137],
          [-0.3147, -0.0924, -0.5728,  ...,  3.8281,  3.6641,  3.0000],
          [-0.9219, -1.0557, -0.7583,  ...,  3.6816,  3.2871,  3.5469],
          [-1.3633, -3.8164, -2.8164,  ...,  0.6099,  2.2754,  3.3145],
          [ 1.1660, -1.2666, -0.3838,  ...,  3.1074,  1.3506,  2.9785]],

         [[ 0.0837,  0.1749, -0.7197,  ...,  0.9868, -1.2549,  0.0635],
          [-0.5059,  1.5146, -1.7168,  ...,  1.5098, -0.5015,  1.0537],
          [-1.0352,  0.7559, -1.6680,  ...,  1.6973, -1.1182, -0.1301],
          [-0.3564,  0.5713, -1.2246,  ...,  0.6274, -0.9663, -0.5718],
          [ 0.8018, -0.3865, -0.7217,  ...,  0.8672, -1.1348, -0.1353]],

         [[-3.3105, -1.6143, -2.1875,  ..., -2.1543,  3.5723, -3.7441],
          [-0.6006, -1.0781, -0.6270,  ..., -1.7900,  4.0234, -3.3262],
          [-1.2100, -0.6123, -0.5142,  ..., -2.0938,  3.0645, -4.1914],
          [ 0.3286, -0.8994, -1.1797,  ..., -1.9443,  3.9824, -2.8262],
          [ 2.4414,  1.0928, -1.5625,  ..., -2.9160,  3.6465, -4.0781]]]],
       dtype=torch.float16, grad_fn=<CatBackward0>), tensor([[[[ 0.3904, -0.1049,  0.0123,  ...,  0.3999, -0.7642, -0.0624],
          [ 0.0608,  0.3706, -0.0458,  ...,  0.4216, -0.4534, -0.7607],
          [-0.4668, -0.8931,  0.0171,  ...,  1.2529, -1.6777, -0.2566],
          [-0.6377,  0.5898,  0.0096,  ...,  0.4084, -0.5762, -0.2247],
          [-0.8608,  0.1026, -0.0762,  ...,  0.3989, -0.2198,  0.2727]],

         [[-0.0923,  0.1846, -0.0431,  ..., -0.2507,  0.1070,  0.0030],
          [ 0.1183, -1.3096, -0.1146,  ...,  0.5562,  0.6724,  0.4563],
          [ 0.3689, -0.7476,  0.2559,  ..., -0.8076, -0.4802, -0.0425],
          [-0.5547, -0.8237, -0.0404,  ..., -1.0371,  0.0304, -0.0963],
          [ 1.3203, -1.0254, -0.7290,  ..., -0.0980, -0.0074, -0.2920]],

         [[ 0.0221, -0.1466, -0.2303,  ..., -0.1331,  0.1075,  0.0748],
          [ 0.0134, -0.0369, -0.7324,  ...,  0.2529,  0.3975, -0.4436],
          [ 0.3669, -0.2666,  0.4290,  ..., -0.1076, -0.8516, -0.0178],
          [-0.0370, -0.1080, -0.0270,  ...,  0.1033,  0.4294, -0.0591],
          [ 0.2407, -0.2964, -0.5117,  ..., -0.6602, -0.3389, -0.2964]],

         ...,

         [[-0.0602,  0.0249, -0.1221,  ...,  0.0717, -0.0594,  0.0070],
          [-0.2430,  0.3936, -0.1774,  ...,  0.1088,  0.1289, -0.0867],
          [ 0.1267, -0.0199, -0.1678,  ...,  0.2213,  0.1876,  0.1014],
          [ 0.3730,  0.3140, -1.0000,  ...,  0.6240, -0.8276,  0.9282],
          [ 0.8379, -0.0415, -0.0304,  ...,  0.0485, -0.9126, -0.2527]],

         [[-0.2932,  0.1367, -0.2820,  ...,  0.3567,  0.0546,  0.2343],
          [ 0.4880,  0.5610,  0.6372,  ..., -0.3435, -0.7075,  0.4868],
          [ 0.6030, -0.1383, -0.9585,  ..., -0.3865,  0.6470,  0.7559],
          [ 0.0117, -0.0598,  0.3230,  ..., -0.2729,  0.2888,  0.0885],
          [ 0.1342, -0.2241, -0.1731,  ..., -0.1289, -0.0430,  1.0186]],

         [[ 0.0583, -0.1234,  0.0555,  ...,  0.0168, -0.0172,  0.0203],
          [-0.2272,  0.0662, -0.2688,  ..., -0.0225,  0.0620, -0.3984],
          [ 0.8018, -0.2003,  0.7251,  ...,  0.3958,  0.0708,  1.5527],
          [-0.0299,  0.3992,  0.2208,  ...,  0.0801, -0.3796, -0.4185],
          [-0.5054,  0.0492, -0.0166,  ..., -0.1794, -0.2427, -0.1432]]]],
       dtype=torch.float16, grad_fn=<PermuteBackward0>)), (tensor([[[[-1.5322e+00,  4.2578e-01,  4.3579e-01,  ...,  5.4609e+00,
           -2.7480e+00, -5.7275e-01],
          [ 7.6660e-02,  9.9512e-01,  8.7354e-01,  ...,  4.8086e+00,
           -2.7539e+00, -1.3604e+00],
          [ 1.4746e+00,  1.5986e+00,  2.7002e-01,  ...,  4.6641e+00,
           -2.9316e+00, -9.2090e-01],
          [ 1.2295e+00,  9.9316e-01, -1.1426e-01,  ...,  5.6797e+00,
           -1.4961e+00,  1.8787e-01],
          [ 9.7705e-01,  5.2734e-01,  5.7373e-01,  ...,  5.5195e+00,
           -3.0156e+00, -6.9775e-01]],

         [[-4.8281e+00,  1.5762e+00, -1.2373e+00,  ...,  2.2148e+00,
            1.3740e+00, -2.2207e+00],
          [-7.8564e-01,  2.3535e-01, -4.3408e-01,  ...,  3.8555e+00,
            1.6318e+00, -8.8330e-01],
          [ 1.6836e+00,  1.1299e+00,  4.9829e-01,  ...,  3.5996e+00,
            3.1309e+00, -1.0693e+00],
          [ 5.8203e+00,  3.5352e+00, -1.1855e+00,  ...,  1.6367e+00,
            9.8877e-01, -1.5466e-01],
          [ 1.2646e+00,  3.6758e+00, -1.8906e+00,  ...,  1.6367e+00,
            1.3438e+00,  1.2412e+00]],

         [[ 1.8340e+00, -2.1445e+00, -2.5410e+00,  ...,  1.5537e+00,
           -9.8906e+00, -5.7080e-01],
          [ 6.4551e-01, -1.3623e-01, -2.3474e-01,  ...,  1.5039e+00,
           -8.8047e+00,  7.8430e-02],
          [ 2.2148e+00, -1.8701e-01, -1.6504e+00,  ...,  1.4746e+00,
           -1.0719e+01, -6.9482e-01],
          [-9.0967e-01,  1.7676e-01, -2.1602e+00,  ...,  2.1914e+00,
           -9.7578e+00, -1.4661e-01],
          [-5.9023e+00,  1.2012e+00, -1.6777e+00,  ...,  3.2695e+00,
           -9.5625e+00, -1.5674e+00]],

         ...,

         [[-1.3486e+00, -8.7549e-01, -5.1807e-01,  ..., -1.0479e+00,
            3.8496e+00,  1.8262e+00],
          [ 4.4092e-01,  1.6235e-01,  7.5391e-01,  ..., -8.9233e-02,
            2.8789e+00,  2.4570e+00],
          [-2.2241e-01,  1.5918e-01,  2.0276e-01,  ..., -3.2324e-01,
            1.7656e+00,  1.6143e+00],
          [ 6.6455e-01,  5.7861e-01,  1.9521e+00,  ..., -4.6460e-01,
            3.9512e+00,  2.6699e+00],
          [ 1.1475e-02,  1.0938e+00,  1.8252e+00,  ..., -7.2266e-01,
            3.4395e+00,  2.3184e+00]],

         [[ 1.7188e+00, -1.2920e+00,  1.1816e+00,  ...,  9.1455e-01,
            1.1891e+01,  3.0566e+00],
          [ 2.0007e-01, -4.9805e-01,  3.1543e-01,  ...,  3.9124e-02,
            1.2719e+01,  4.3086e+00],
          [-2.1719e+00, -2.8125e-01,  1.5391e+00,  ...,  1.6876e-02,
            1.3828e+01,  4.7148e+00],
          [-1.6191e+00, -2.1094e-01,  1.3379e+00,  ...,  8.8965e-01,
            1.0586e+01,  4.4453e+00],
          [-1.5547e+00,  9.2773e-02,  3.3789e+00,  ...,  4.5044e-01,
            1.1430e+01,  4.2656e+00]],

         [[ 2.1387e+00, -1.4775e+00, -1.6484e+00,  ...,  2.9883e-01,
           -3.3535e+00,  1.9739e-01],
          [ 1.2646e-01,  8.0688e-02, -1.0742e+00,  ...,  1.2959e+00,
           -3.4570e+00,  5.9229e-01],
          [-4.1797e-01,  3.2690e-01, -1.2500e+00,  ...,  1.8730e+00,
           -2.4258e+00,  5.4883e-01],
          [-1.4072e+00,  4.0161e-01, -1.3340e+00,  ...,  1.7705e+00,
           -2.2402e+00,  1.1777e+00],
          [-7.0703e-01,  2.3027e+00, -2.3652e+00,  ...,  2.1289e+00,
           -3.4160e+00, -1.3799e+00]]]], dtype=torch.float16,
       grad_fn=<CatBackward0>), tensor([[[[-1.0156e+00,  2.6489e-01,  6.2225e-02,  ...,  9.2773e-02,
            4.5044e-01, -4.9023e-01],
          [ 4.3970e-01, -2.7783e-01, -2.4976e-01,  ...,  5.2887e-02,
            4.7754e-01, -3.2593e-01],
          [-4.6875e-01, -6.3965e-01, -2.5073e-01,  ..., -3.0249e-01,
            2.3779e-01,  3.2251e-01],
          [ 3.8770e-01, -6.3293e-02,  3.4473e-01,  ...,  3.5498e-01,
            4.5044e-01, -9.2407e-02],
          [-1.6797e-01, -4.7949e-01,  4.8730e-01,  ..., -5.7520e-01,
           -5.7709e-02, -2.5171e-01]],

         [[-1.2756e-01,  7.0496e-02,  1.3018e-03,  ...,  2.5732e-01,
            7.3967e-03, -3.5439e-03],
          [-1.3977e-01, -3.8403e-01,  1.8994e-01,  ..., -1.6687e-01,
            2.1252e-01,  1.8640e-01],
          [-2.3523e-01,  2.6929e-01,  6.6566e-03,  ...,  3.3228e-01,
           -1.5213e-02, -2.0703e-01],
          [ 9.4971e-01,  3.3301e-01,  6.4514e-02,  ...,  7.5073e-02,
            2.3743e-01, -1.9666e-01],
          [-1.9028e-02,  1.2646e-01, -1.9394e-02,  ...,  4.2114e-02,
           -1.0195e+00,  3.4863e-01]],

         [[-1.2720e-01, -8.3618e-02,  8.0811e-02,  ...,  1.1298e-01,
            1.0901e-01, -5.4443e-01],
          [-1.1395e-01,  6.9763e-02, -2.5708e-01,  ...,  1.0460e-02,
            8.6914e-02,  1.1481e-01],
          [ 5.5127e-01,  2.3529e-02, -6.2793e-01,  ...,  3.1372e-01,
            2.7881e-01,  8.6816e-01],
          [-3.2715e-01, -3.0029e-01,  3.1036e-02,  ...,  1.7627e-01,
           -4.7949e-01,  1.2598e+00],
          [-3.9624e-01, -3.7085e-01,  9.9335e-03,  ...,  1.4575e-01,
           -1.2830e-01,  6.3525e-01]],

         ...,

         [[-1.5051e-01,  3.0591e-01,  1.2659e-01,  ...,  4.0576e-01,
            1.9165e-01, -1.2622e-01],
          [ 1.0201e-02, -7.5455e-03, -1.4624e-01,  ..., -4.4897e-01,
           -4.1602e-01, -2.1338e-01],
          [ 4.5581e-01, -2.4200e-02,  5.0873e-02,  ..., -6.1084e-01,
            1.0510e-01,  5.3894e-02],
          [-9.8828e-01,  8.2422e-01,  3.9014e-01,  ...,  3.9648e-01,
           -4.5508e-01, -1.0508e+00],
          [-3.7988e-01,  3.9233e-01, -2.5366e-01,  ...,  7.8552e-02,
           -6.0730e-02, -4.4800e-01]],

         [[ 1.3452e-01, -8.3862e-02, -6.9336e-02,  ...,  4.2725e-01,
            2.0203e-02, -1.5564e-01],
          [ 4.9658e-01,  3.0200e-01,  3.5327e-01,  ...,  3.4595e-01,
            6.6895e-01,  8.9172e-02],
          [ 3.4790e-01,  2.0422e-01, -3.3252e-01,  ...,  2.4780e-02,
            1.2140e-01, -1.7746e-02],
          [-5.9021e-02, -2.4524e-01, -5.5615e-01,  ...,  6.2842e-01,
           -7.7295e-01,  6.5735e-02],
          [-8.4375e-01, -8.9111e-02,  8.3936e-01,  ...,  1.1143e+00,
            1.5117e+00, -2.6514e-01]],

         [[-6.9641e-02, -1.1009e-02,  1.1554e-01,  ...,  7.1045e-02,
           -7.2083e-02, -2.5562e-01],
          [-4.9530e-02, -8.8928e-02, -1.5356e-01,  ..., -6.8799e-01,
           -3.9703e-02, -1.4282e-01],
          [-1.9080e-01,  1.5796e-01,  6.2622e-02,  ..., -3.5376e-01,
            4.0576e-01, -3.3008e-01],
          [ 8.7842e-01,  4.3945e-01, -4.9609e-01,  ..., -3.2739e-01,
           -5.0928e-01, -1.1123e+00],
          [-4.7412e-01, -2.9834e-01, -5.7666e-01,  ...,  1.0492e-01,
            3.6353e-01,  5.4321e-03]]]], dtype=torch.float16,
       grad_fn=<PermuteBackward0>)), (tensor([[[[-2.3305e-04, -7.7515e-02,  6.0883e-02,  ...,  3.8203e+00,
            3.6699e+00,  1.8887e+00],
          [ 4.5020e-01, -1.3936e+00,  1.9336e+00,  ...,  4.0703e+00,
            3.6934e+00,  1.2422e+00],
          [ 6.6406e-01, -1.6523e+00,  1.1738e+00,  ...,  2.8379e+00,
            2.9492e+00,  2.2383e+00],
          [ 3.5693e-01, -1.8740e+00,  2.6914e+00,  ...,  2.8730e+00,
            3.6621e+00,  9.5117e-01],
          [-5.4199e-02, -3.2266e+00,  2.8906e+00,  ...,  2.1562e+00,
            2.8770e+00,  1.2529e+00]],

         [[ 3.2578e+00,  4.8945e+00, -2.2715e+00,  ...,  4.7217e-01,
            2.4277e+00,  8.6953e+00],
          [ 7.3125e+00,  5.1836e+00, -3.9180e+00,  ...,  9.4238e-01,
            2.1172e+00,  8.4609e+00],
          [ 4.8203e+00,  4.6953e+00, -4.0234e+00,  ...,  9.9365e-01,
            2.0254e+00,  8.9766e+00],
          [-2.8047e+00,  4.0625e+00, -5.5664e+00,  ...,  5.7861e-01,
            2.6387e+00,  8.3828e+00],
          [-8.3828e+00,  2.8047e+00, -6.2227e+00,  ...,  7.8027e-01,
            2.7402e+00,  8.3203e+00]],

         [[-6.4941e-01,  5.1758e-01, -7.5635e-01,  ...,  1.9814e+00,
           -2.8086e+00, -5.8555e+00],
          [-6.6260e-01,  1.8301e+00, -3.3652e+00,  ...,  2.7324e+00,
           -3.9219e+00, -5.1523e+00],
          [ 7.4463e-01,  9.8535e-01, -2.2402e+00,  ...,  2.2832e+00,
           -2.6973e+00, -4.6562e+00],
          [ 1.7529e+00,  1.2539e+00, -4.3984e+00,  ...,  2.0117e+00,
           -2.5664e+00, -5.4023e+00],
          [ 3.4668e-01,  7.0703e-01, -4.5312e+00,  ...,  2.7012e+00,
           -2.0430e+00, -5.0078e+00]],

         ...,

         [[-7.9346e-01,  1.0242e-01, -5.4639e-01,  ..., -1.1260e+00,
            5.2734e+00,  2.6074e+00],
          [ 1.2622e-01, -2.7515e-01,  1.0332e+00,  ..., -9.6338e-01,
            4.9453e+00,  3.2969e+00],
          [ 1.3770e-01, -1.1865e+00,  8.9502e-01,  ..., -8.5254e-01,
            5.2773e+00,  3.2285e+00],
          [ 8.1055e-01, -7.7490e-01,  4.5703e-01,  ..., -1.7627e+00,
            5.0898e+00,  2.9844e+00],
          [ 6.1719e-01, -7.5195e-01,  1.4951e+00,  ..., -1.3193e+00,
            5.4180e+00,  2.9980e+00]],

         [[ 3.6377e-01, -5.5566e-01,  6.6797e-01,  ..., -3.2875e+01,
           -1.9484e+01,  2.2750e+01],
          [ 5.0049e-02,  9.9707e-01, -2.4121e+00,  ..., -3.5812e+01,
           -1.9875e+01,  2.6125e+01],
          [ 6.8945e-01,  2.6245e-01, -1.1748e+00,  ..., -3.3656e+01,
           -1.9297e+01,  2.4859e+01],
          [ 1.7212e-01,  3.4595e-01, -1.6484e+00,  ..., -3.4969e+01,
           -1.9375e+01,  2.7500e+01],
          [-6.8311e-01,  1.6660e+00, -2.3457e+00,  ..., -3.5875e+01,
           -1.8625e+01,  2.7750e+01]],

         [[-1.2256e+00, -1.8789e+00,  2.4336e+00,  ..., -2.9707e+00,
            8.6719e+00,  7.0938e+00],
          [ 1.9336e-01, -3.5703e+00,  6.0273e+00,  ..., -2.3320e+00,
            8.7734e+00,  6.2617e+00],
          [ 1.6133e+00, -3.3555e+00,  4.4688e+00,  ..., -3.4238e+00,
            8.0156e+00,  6.3711e+00],
          [ 2.6875e+00, -3.7344e+00,  6.4062e+00,  ..., -2.4785e+00,
            8.4609e+00,  6.2383e+00],
          [ 7.5049e-01, -3.2305e+00,  6.1641e+00,  ..., -1.9287e+00,
            8.4922e+00,  6.0859e+00]]]], dtype=torch.float16,
       grad_fn=<CatBackward0>), tensor([[[[ 0.0517,  0.1239, -0.0192,  ...,  0.3416,  0.1703,  0.4949],
          [-0.1693,  0.7886, -0.1383,  ..., -0.1827, -0.7056,  0.0644],
          [ 0.0790,  0.3833, -0.2035,  ..., -0.0650,  0.1974,  0.2327],
          [ 0.2196,  0.7920,  0.2791,  ..., -0.3704, -0.0104,  0.4929],
          [ 0.1068,  0.3513, -0.1920,  ..., -0.4717, -0.4421,  0.6831]],

         [[-0.0861,  0.9834,  0.2676,  ...,  0.5381,  0.3503,  0.4175],
          [-0.1506, -0.6167, -0.0932,  ...,  0.2245,  0.5889,  0.4031],
          [-0.5195,  0.4341, -0.2166,  ...,  0.7905,  0.4084,  0.1942],
          [-0.4390,  0.2217,  1.1240,  ...,  0.4565, -0.6543,  0.7476],
          [-0.0032,  0.2639,  1.1670,  ...,  0.0582,  0.0992,  0.9893]],

         [[-0.1941, -0.6865, -0.2922,  ..., -0.1124, -0.2786,  0.3059],
          [ 0.0840,  0.0526,  0.2610,  ..., -0.1858, -0.1826,  0.3635],
          [ 0.3972,  0.4514, -0.4585,  ...,  0.1777, -0.6445, -0.0752],
          [ 0.4380, -0.1044, -0.0808,  ..., -0.8008,  0.4336,  0.1643],
          [ 0.3955,  0.3369,  1.3096,  ..., -0.1608, -1.1387, -0.4846]],

         ...,

         [[ 0.1447, -0.1779, -0.2484,  ...,  0.4963,  0.0786,  0.0023],
          [ 0.2460, -0.0797, -1.3271,  ..., -0.1333, -0.0833,  0.0720],
          [-0.0224, -0.1431,  0.1957,  ...,  0.4749,  1.1250,  0.3433],
          [ 0.3252, -0.2654, -0.6865,  ...,  0.2373,  0.6299, -0.4270],
          [-0.1965,  0.5015, -0.3057,  ..., -0.3909, -0.1947, -0.0696]],

         [[-0.1656, -0.1833,  0.5654,  ...,  0.0398,  0.1538, -0.2622],
          [-0.0017, -0.2991,  0.7461,  ...,  0.2202,  0.1902, -0.4668],
          [-0.3018, -0.0621,  0.4248,  ...,  0.4204,  0.2747,  0.1871],
          [-0.2330, -0.2559,  0.1680,  ...,  0.6538,  0.6133, -0.0145],
          [-0.5747, -0.7065,  0.2019,  ...,  0.4543,  0.2783,  0.2096]],

         [[-0.5552,  1.0186,  0.3533,  ..., -0.5420, -0.3811,  0.1219],
          [-0.0956, -1.0215, -0.0999,  ..., -0.2825,  0.2307,  0.2952],
          [ 0.1626,  0.2401, -0.1771,  ..., -0.4492,  0.5449,  0.1312],
          [-0.1821, -0.3589,  0.3059,  ..., -0.3870,  0.8667,  0.6616],
          [ 0.8569, -0.2632,  0.6514,  ..., -0.0086,  0.0804,  1.3135]]]],
       dtype=torch.float16, grad_fn=<PermuteBackward0>)), (tensor([[[[ 1.1559e-02, -1.2549e-01,  1.9836e-01,  ..., -5.6531e+01,
           -5.5938e+01, -4.6812e+01],
          [ 1.5293e+00,  5.3857e-01,  1.2285e+00,  ..., -5.6812e+01,
           -5.5781e+01, -4.6625e+01],
          [ 4.4556e-02,  3.9600e-01,  4.3677e-01,  ..., -5.6750e+01,
           -5.5875e+01, -4.6750e+01],
          [-1.3525e+00,  3.6328e-01,  1.5479e+00,  ..., -5.7406e+01,
           -5.6031e+01, -4.7031e+01],
          [-1.2295e+00,  7.8516e-01,  1.3057e+00,  ..., -5.7281e+01,
           -5.6250e+01, -4.6375e+01]],

         [[-4.5410e-02,  1.1633e-01,  2.1484e-01,  ..., -4.0219e+01,
           -1.1148e+01, -5.7906e+01],
          [ 4.3335e-01, -5.3906e-01, -6.5576e-01,  ..., -4.0500e+01,
           -1.5195e+01, -5.7531e+01],
          [ 2.1265e-01, -7.3059e-02, -5.8411e-02,  ..., -4.0250e+01,
           -1.3008e+01, -5.7750e+01],
          [ 1.5112e-01, -6.7236e-01, -1.0078e+00,  ..., -4.1688e+01,
           -1.7562e+01, -5.7844e+01],
          [ 4.6899e-01, -9.1895e-01, -1.4746e+00,  ..., -4.1688e+01,
           -1.4102e+01, -5.7188e+01]],

         [[-1.7452e-03, -1.6768e+00,  7.2461e-01,  ...,  1.9639e+00,
            3.2300e-01,  6.7070e+00],
          [-1.4473e+00, -1.4336e+00,  1.1084e+00,  ...,  5.8545e-01,
            5.5634e-02,  7.1719e+00],
          [-5.8398e-01, -9.5117e-01,  1.2207e+00,  ...,  1.4189e+00,
            3.7573e-01,  6.6758e+00],
          [ 4.1504e-01, -7.4414e-01,  1.5986e+00,  ...,  6.7285e-01,
            3.0078e-01,  6.1484e+00],
          [ 2.2051e+00,  6.7432e-01,  1.8984e+00,  ...,  4.9805e-01,
            5.9052e-03,  6.0781e+00]],

         ...,

         [[ 1.9922e-01, -1.3464e-01,  4.1235e-01,  ..., -4.7156e+01,
           -4.3250e+01, -5.4188e+01],
          [-5.0928e-01,  8.3105e-01, -7.9297e-01,  ..., -4.7156e+01,
           -4.3406e+01, -5.4094e+01],
          [-2.3804e-01,  2.9102e-01, -9.0454e-02,  ..., -4.6969e+01,
           -4.3188e+01, -5.4000e+01],
          [-2.4170e-01,  4.5801e-01, -7.4316e-01,  ..., -4.6656e+01,
           -4.3219e+01, -5.4219e+01],
          [ 2.2119e-01,  1.0508e+00, -1.2246e+00,  ..., -4.7250e+01,
           -4.3406e+01, -5.4594e+01]],

         [[-8.4778e-02, -7.0190e-02,  1.3989e-01,  ...,  6.3656e+01,
           -5.1031e+01,  2.5438e+01],
          [-1.7832e+00, -9.8291e-01,  4.3530e-01,  ...,  6.3500e+01,
           -5.1156e+01,  2.5641e+01],
          [-4.4678e-01, -2.1472e-01,  1.7212e-02,  ...,  6.3594e+01,
           -5.0875e+01,  2.3422e+01],
          [ 4.2969e-01, -4.4995e-01, -9.6729e-01,  ...,  6.3750e+01,
           -5.0969e+01,  2.1031e+01],
          [ 1.6309e+00, -6.7383e-01, -9.8340e-01,  ...,  6.3812e+01,
           -5.0906e+01,  2.5312e+01]],

         [[ 1.3818e-01, -2.3657e-01, -3.0176e-01,  ..., -3.4094e+01,
            4.4766e+00,  2.4625e+01],
          [-5.0586e-01, -2.0664e+00, -1.0547e+00,  ..., -3.4531e+01,
            5.8555e+00,  2.5453e+01],
          [-3.1006e-01, -5.8350e-01, -2.7051e-01,  ..., -3.4375e+01,
            5.3984e+00,  2.4984e+01],
          [-3.9771e-01, -1.0547e+00, -3.8550e-01,  ..., -3.5250e+01,
            5.6836e+00,  2.5219e+01],
          [-2.6367e-01, -1.0527e+00, -2.0935e-01,  ..., -3.5312e+01,
            5.0273e+00,  2.4719e+01]]]], dtype=torch.float16,
       grad_fn=<CatBackward0>), tensor([[[[-0.0133, -0.0057,  0.0938,  ..., -0.0170, -0.1295,  0.1119],
          [ 0.0175, -0.2350,  0.0735,  ...,  0.3411, -0.5977, -0.5186],
          [-0.1270, -0.1299,  0.2908,  ..., -0.3635, -0.2059,  0.2529],
          [-0.1818, -0.1771,  0.2484,  ..., -0.2695, -0.7915, -0.3818],
          [ 0.2678, -0.2146,  0.1052,  ..., -0.4033, -1.5469,  0.0109]],

         [[ 0.0959,  0.2032, -0.0146,  ...,  0.0589, -0.1675,  0.0980],
          [-0.6504, -0.4587,  1.0127,  ..., -0.0765, -0.7290,  0.4319],
          [ 0.3518,  0.5581, -0.1589,  ...,  0.3052, -0.2478,  0.3499],
          [ 0.5669, -0.6797,  0.5229,  ..., -0.6846, -0.2281, -0.2651],
          [ 0.5454, -0.0146, -0.3162,  ...,  0.4329, -0.5288,  0.9004]],

         [[ 0.4702,  0.2832, -0.2173,  ..., -0.2917, -0.1482, -0.1472],
          [ 0.2874,  0.7544, -0.6714,  ...,  0.2197, -0.1294,  0.3132],
          [-0.1366,  0.1377, -0.2001,  ..., -0.1370, -0.3962,  0.0187],
          [ 0.3838, -0.2942,  0.0936,  ..., -0.3066, -0.1636,  0.2837],
          [ 0.8257, -0.2507,  0.0963,  ..., -0.0178, -1.2881, -0.2111]],

         ...,

         [[ 0.1283,  0.0573,  0.0280,  ...,  0.0678,  0.0295,  0.0629],
          [ 0.2559,  0.8618, -0.0443,  ..., -0.1147, -0.0795,  0.1929],
          [ 0.3623,  0.1113, -0.2186,  ..., -0.0496,  0.1499,  0.1814],
          [ 0.2361,  0.4370, -0.6597,  ..., -0.1227,  0.3130,  0.1637],
          [-0.2238,  0.4688, -0.1103,  ..., -0.0107,  0.0840,  0.5449]],

         [[-0.1730, -0.0202, -0.0473,  ..., -0.0347,  0.0811,  0.0923],
          [ 0.2251, -0.0432, -0.3013,  ..., -0.3855,  0.1880,  0.2744],
          [-0.3711, -0.1074,  0.0594,  ...,  0.4038,  0.0187,  0.2668],
          [-0.7734, -0.0111,  0.6714,  ...,  0.5947, -0.1296,  0.5386],
          [-0.9033,  0.2600, -0.2168,  ...,  0.1028,  0.4800,  1.1973]],

         [[ 0.5601,  0.0307,  0.0077,  ...,  0.0230, -0.0240, -0.0577],
          [-0.4968,  0.2588,  0.2678,  ..., -0.1982,  0.1278,  0.9927],
          [ 0.1975,  0.0660, -0.1558,  ...,  0.1492,  0.0435,  0.0566],
          [-0.6904,  0.5786,  0.3384,  ..., -0.5527, -0.2198, -0.1509],
          [-0.7446, -0.0031, -0.3208,  ..., -0.8779,  0.2040, -0.6118]]]],
       dtype=torch.float16, grad_fn=<PermuteBackward0>)), (tensor([[[[nan, nan, nan,  ..., nan, nan, nan],
          [nan, nan, nan,  ..., nan, nan, nan],
          [nan, nan, nan,  ..., nan, nan, nan],
          [nan, nan, nan,  ..., nan, nan, nan],
          [nan, nan, nan,  ..., nan, nan, nan]],

         [[nan, nan, nan,  ..., nan, nan, nan],
          [nan, nan, nan,  ..., nan, nan, nan],
          [nan, nan, nan,  ..., nan, nan, nan],
          [nan, nan, nan,  ..., nan, nan, nan],
          [nan, nan, nan,  ..., nan, nan, nan]],

         [[nan, nan, nan,  ..., nan, nan, nan],
          [nan, nan, nan,  ..., nan, nan, nan],
          [nan, nan, nan,  ..., nan, nan, nan],
          [nan, nan, nan,  ..., nan, nan, nan],
          [nan, nan, nan,  ..., nan, nan, nan]],

         ...,

         [[nan, nan, nan,  ..., nan, nan, nan],
          [nan, nan, nan,  ..., nan, nan, nan],
          [nan, nan, nan,  ..., nan, nan, nan],
          [nan, nan, nan,  ..., nan, nan, nan],
          [nan, nan, nan,  ..., nan, nan, nan]],

         [[nan, nan, nan,  ..., nan, nan, nan],
          [nan, nan, nan,  ..., nan, nan, nan],
          [nan, nan, nan,  ..., nan, nan, nan],
          [nan, nan, nan,  ..., nan, nan, nan],
          [nan, nan, nan,  ..., nan, nan, nan]],

         [[nan, nan, nan,  ..., nan, nan, nan],
          [nan, nan, nan,  ..., nan, nan, nan],
          [nan, nan, nan,  ..., nan, nan, nan],
          [nan, nan, nan,  ..., nan, nan, nan],
          [nan, nan, nan,  ..., nan, nan, nan]]]], dtype=torch.float16,
       grad_fn=<CatBackward0>), tensor([[[[nan, nan, nan,  ..., nan, nan, nan],
          [nan, nan, nan,  ..., nan, nan, nan],
          [nan, nan, nan,  ..., nan, nan, nan],
          [nan, nan, nan,  ..., nan, nan, nan],
          [nan, nan, nan,  ..., nan, nan, nan]],

         [[nan, nan, nan,  ..., nan, nan, nan],
          [nan, nan, nan,  ..., nan, nan, nan],
          [nan, nan, nan,  ..., nan, nan, nan],
          [nan, nan, nan,  ..., nan, nan, nan],
          [nan, nan, nan,  ..., nan, nan, nan]],

         [[nan, nan, nan,  ..., nan, nan, nan],
          [nan, nan, nan,  ..., nan, nan, nan],
          [nan, nan, nan,  ..., nan, nan, nan],
          [nan, nan, nan,  ..., nan, nan, nan],
          [nan, nan, nan,  ..., nan, nan, nan]],

         ...,

         [[nan, nan, nan,  ..., nan, nan, nan],
          [nan, nan, nan,  ..., nan, nan, nan],
          [nan, nan, nan,  ..., nan, nan, nan],
          [nan, nan, nan,  ..., nan, nan, nan],
          [nan, nan, nan,  ..., nan, nan, nan]],

         [[nan, nan, nan,  ..., nan, nan, nan],
          [nan, nan, nan,  ..., nan, nan, nan],
          [nan, nan, nan,  ..., nan, nan, nan],
          [nan, nan, nan,  ..., nan, nan, nan],
          [nan, nan, nan,  ..., nan, nan, nan]],

         [[nan, nan, nan,  ..., nan, nan, nan],
          [nan, nan, nan,  ..., nan, nan, nan],
          [nan, nan, nan,  ..., nan, nan, nan],
          [nan, nan, nan,  ..., nan, nan, nan],
          [nan, nan, nan,  ..., nan, nan, nan]]]], dtype=torch.float16,
       grad_fn=<PermuteBackward0>)), (tensor([[[[nan, nan, nan,  ..., nan, nan, nan],
          [nan, nan, nan,  ..., nan, nan, nan],
          [nan, nan, nan,  ..., nan, nan, nan],
          [nan, nan, nan,  ..., nan, nan, nan],
          [nan, nan, nan,  ..., nan, nan, nan]],

         [[nan, nan, nan,  ..., nan, nan, nan],
          [nan, nan, nan,  ..., nan, nan, nan],
          [nan, nan, nan,  ..., nan, nan, nan],
          [nan, nan, nan,  ..., nan, nan, nan],
          [nan, nan, nan,  ..., nan, nan, nan]],

         [[nan, nan, nan,  ..., nan, nan, nan],
          [nan, nan, nan,  ..., nan, nan, nan],
          [nan, nan, nan,  ..., nan, nan, nan],
          [nan, nan, nan,  ..., nan, nan, nan],
          [nan, nan, nan,  ..., nan, nan, nan]],

         ...,

         [[nan, nan, nan,  ..., nan, nan, nan],
          [nan, nan, nan,  ..., nan, nan, nan],
          [nan, nan, nan,  ..., nan, nan, nan],
          [nan, nan, nan,  ..., nan, nan, nan],
          [nan, nan, nan,  ..., nan, nan, nan]],

         [[nan, nan, nan,  ..., nan, nan, nan],
          [nan, nan, nan,  ..., nan, nan, nan],
          [nan, nan, nan,  ..., nan, nan, nan],
          [nan, nan, nan,  ..., nan, nan, nan],
          [nan, nan, nan,  ..., nan, nan, nan]],

         [[nan, nan, nan,  ..., nan, nan, nan],
          [nan, nan, nan,  ..., nan, nan, nan],
          [nan, nan, nan,  ..., nan, nan, nan],
          [nan, nan, nan,  ..., nan, nan, nan],
          [nan, nan, nan,  ..., nan, nan, nan]]]], dtype=torch.float16,
       grad_fn=<CatBackward0>), tensor([[[[nan, nan, nan,  ..., nan, nan, nan],
          [nan, nan, nan,  ..., nan, nan, nan],
          [nan, nan, nan,  ..., nan, nan, nan],
          [nan, nan, nan,  ..., nan, nan, nan],
          [nan, nan, nan,  ..., nan, nan, nan]],

         [[nan, nan, nan,  ..., nan, nan, nan],
          [nan, nan, nan,  ..., nan, nan, nan],
          [nan, nan, nan,  ..., nan, nan, nan],
          [nan, nan, nan,  ..., nan, nan, nan],
          [nan, nan, nan,  ..., nan, nan, nan]],

         [[nan, nan, nan,  ..., nan, nan, nan],
          [nan, nan, nan,  ..., nan, nan, nan],
          [nan, nan, nan,  ..., nan, nan, nan],
          [nan, nan, nan,  ..., nan, nan, nan],
          [nan, nan, nan,  ..., nan, nan, nan]],

         ...,

         [[nan, nan, nan,  ..., nan, nan, nan],
          [nan, nan, nan,  ..., nan, nan, nan],
          [nan, nan, nan,  ..., nan, nan, nan],
          [nan, nan, nan,  ..., nan, nan, nan],
          [nan, nan, nan,  ..., nan, nan, nan]],

         [[nan, nan, nan,  ..., nan, nan, nan],
          [nan, nan, nan,  ..., nan, nan, nan],
          [nan, nan, nan,  ..., nan, nan, nan],
          [nan, nan, nan,  ..., nan, nan, nan],
          [nan, nan, nan,  ..., nan, nan, nan]],

         [[nan, nan, nan,  ..., nan, nan, nan],
          [nan, nan, nan,  ..., nan, nan, nan],
          [nan, nan, nan,  ..., nan, nan, nan],
          [nan, nan, nan,  ..., nan, nan, nan],
          [nan, nan, nan,  ..., nan, nan, nan]]]], dtype=torch.float16,
       grad_fn=<PermuteBackward0>)))
